-6.838293 -5.757714 -6.277447 3.879639 8.288322 8.244617 1.384110 -8.486979 -3.844167 -1.833909
-0.433941 7.401907 0.264617 -1.414062 -1.463212 6.285303 -4.597627 1.559904 -7.840546 8.084132
0.079427 2.202488 4.523879 4.931746 1.423504 -6.646420 -2.479396 -2.921080 -4.047046 -3.354518
9.662730 -0.885339 0.887767 -6.614717 -7.005700 -0.823910 -8.370100 4.378411 0.689111 -2.214267
-7.455498 -9.744830 -4.812361 2.809118 -1.158892 3.724427 -0.905579 4.243481 -4.715669 1.253875
2.327613 5.363759 -6.543637 -3.148508 0.295505 4.879867 0.205072 7.816108 -8.041213 6.158026
-5.538410 -8.378484 -4.727313 5.349357 -4.993201 -1.733013 -5.474553 -3.363301 -7.354602 5.214558
4.422432 -4.810100 5.469727 9.610071 7.999018 -5.689164 3.334498 -2.906561 8.554317 8.618830
8.347314 0.881930 3.982588 -8.196323 7.733422 -5.721907 6.683544 -2.061507 -7.905799 8.642330
-5.903481 -3.444209 -9.736153 -0.630794 -8.094852 -4.729354 7.636193 -3.569405 1.907345 -9.718409
