-4.615424 8.570976 -7.602994 -3.511758 -2.124006 1.826628 0.129211 -8.349780 5.247196 9.623386 0.255438 -6.853987 5.048233 5.656071 1.591959 -3.944533 4.236393 1.064040 3.320986 -4.183265
-8.134631 1.249715 3.957376 -8.380903 2.163354 -0.507973 2.492785 -3.763233 -8.652825 -8.038088 3.859078 -0.470321 -4.687815 -8.104493 7.789708 1.619891 5.515375 -3.095267 -2.159391 7.121333
8.237217 2.902564 3.385679 3.102598 5.359435 -3.983231 -6.161032 -8.466869 -2.675197 -2.037544 -5.006156 1.542168 -0.779066 6.239185 1.988336 -2.034929 -1.043561 0.867238 -4.339019 -5.893769
3.425017 4.264881 -0.143577 6.909419 6.603703 8.429026 6.634776 -9.313284 -8.362780 6.751558 -6.561460 1.543036 -6.199010 -6.753771 9.367266 -4.358163 -7.646297 8.693816 -3.041688 -1.658126
-8.128693 1.048445 1.216662 8.445599 5.185589 -5.803388 2.453166 -9.635112 2.670793 8.010578 -6.209043 4.620999 5.122247 9.602994 -2.485690 3.005325 -9.499293 5.390732 2.031899 -9.866501
-6.286842 -2.945540 -5.695385 -2.338349 -0.634394 -2.262222 -1.160764 -8.965885 -9.635547 -4.638723 -3.022036 8.644240 3.743787 1.833193 -9.518669 -0.275450 -9.485641 -5.170488 -0.386361 6.431607
-3.981358 5.318503 8.086111 3.275949 -1.130916 -7.313147 7.939784 3.958057 3.057962 -4.836252 -2.881159 -3.647398 -1.824376 -2.285272 -8.567921 -1.048041 5.570522 3.755034 -9.138075 -3.629205
3.950462 -4.579320 -4.638719 -2.950816 5.638112 -0.247781 -4.450606 -1.336809 -7.746854 -1.379634 -7.501564 1.210932 -7.863040 5.887547 -7.992511 9.870761 -2.117846 5.369962 -7.041388 -4.600820
-5.988449 -7.859616 3.428110 -3.758792 5.984284 -2.136926 4.686830 -8.449217 -5.996165 2.451027 -5.582409 -3.543928 -2.794796 7.870020 -8.577159 3.683523 8.976259 3.983262 6.683677 -7.439638
1.998613 -9.306646 3.202270 0.552295 2.418537 8.346607 1.425646 0.826519 -8.687704 5.758089 -3.795168 -5.380690 6.742971 9.114030 -0.500555 7.175456 -2.106545 -4.704404 -6.921402 -8.004985
0.222990 7.797560 -6.413592 6.760732 7.614414 -4.537926 -8.930216 9.866060 -1.128643 -9.108725 9.652605 -8.661648 3.676946 -1.566824 6.386901 4.646653 -3.708983 3.119819 -5.196386 4.343225
-3.409229 1.092082 -5.380535 9.342265 -4.555772 -8.860947 -5.942729 0.548344 -3.979441 -2.463465 -3.455218 8.145297 -1.997840 2.296384 -4.673777 7.825165 -2.448578 6.748015 -6.105729 1.004796
7.612879 9.658534 -9.017724 -0.881217 9.386405 -2.690473 1.215282 5.238693 6.705431 -1.816867 3.908984 -1.702831 0.512309 -9.626313 -9.444795 1.332484 -4.946655 1.572779 -6.300474 7.941726
-3.412871 -0.118735 4.424618 4.556845 6.897441 5.298528 -7.634920 -0.099531 7.183460 -7.583154 9.936339 0.047041 -9.385421 -0.772095 3.392576 -0.968682 -0.630672 0.300209 5.610095 8.858677
7.789023 -9.896298 -7.078366 -6.102665 -7.482511 1.442170 -1.447098 -1.368411 1.109396 5.613265 2.150773 8.049826 -6.575875 -0.735060 5.847046 -8.695047 2.347359 -7.930526 -8.352148 5.445726
6.309517 4.053096 0.381109 5.296339 -4.423551 -6.626477 8.805950 1.606727 4.260159 0.495787 -7.308399 7.739793 2.707301 1.604659 9.503879 -8.298334 9.904159 -0.804068 6.027332 1.374911
8.126840 7.803231 8.909551 2.820490 3.981366 -5.180133 -2.498017 -4.173852 -9.934751 6.637904 3.258630 7.790758 -0.729768 -5.203293 8.251560 3.964128 5.105834 -6.247409 -0.197165 6.249749
-0.471103 2.166076 5.242007 2.417910 -2.179703 5.731349 6.780274 -3.942138 4.479115 0.478405 0.551394 7.276077 9.034108 -3.751737 4.551274 -6.738649 3.524382 -5.718619 7.165113 4.056958
5.298964 -0.320082 0.378779 6.141797 5.176147 -4.492886 8.060950 0.394678 -6.653122 0.985328 0.399581 -4.248967 7.618198 -0.938815 1.336061 -4.828399 9.092401 -4.018032 8.930096 8.121311
-5.128956 -2.355930 3.879469 2.238875 8.778698 3.573318 -3.237491 7.489622 -1.916137 -4.514067 -7.917855 4.608368 -7.154714 -9.286150 7.678817 -2.117874 4.890206 9.692199 -3.207071 -1.241536
