-4.615424 8.570976 -7.602994 -3.511758 -2.124006 1.826628 0.129211 -8.349780 5.247196 9.623386 0.255438 -6.853987 5.048233 5.656071 1.591959 -3.944533 4.236393 1.064040 3.320986 -4.183265 -8.134631 1.249715 3.957376 -8.380903 2.163354 -0.507973 2.492785 -3.763233 -8.652825 -8.038088 3.859078 -0.470321 -4.687815 -8.104493 7.789708 1.619891 5.515375 -3.095267 -2.159391 7.121333 8.237217 2.902564 3.385679 3.102598 5.359435 -3.983231 -6.161032 -8.466869 -2.675197 -2.037544
-5.006156 1.542168 -0.779066 6.239185 1.988336 -2.034929 -1.043561 0.867238 -4.339019 -5.893769 3.425017 4.264881 -0.143577 6.909419 6.603703 8.429026 6.634776 -9.313284 -8.362780 6.751558 -6.561460 1.543036 -6.199010 -6.753771 9.367266 -4.358163 -7.646297 8.693816 -3.041688 -1.658126 -8.128693 1.048445 1.216662 8.445599 5.185589 -5.803388 2.453166 -9.635112 2.670793 8.010578 -6.209043 4.620999 5.122247 9.602994 -2.485690 3.005325 -9.499293 5.390732 2.031899 -9.866501
-6.286842 -2.945540 -5.695385 -2.338349 -0.634394 -2.262222 -1.160764 -8.965885 -9.635547 -4.638723 -3.022036 8.644240 3.743787 1.833193 -9.518669 -0.275450 -9.485641 -5.170488 -0.386361 6.431607 -3.981358 5.318503 8.086111 3.275949 -1.130916 -7.313147 7.939784 3.958057 3.057962 -4.836252 -2.881159 -3.647398 -1.824376 -2.285272 -8.567921 -1.048041 5.570522 3.755034 -9.138075 -3.629205 3.950462 -4.579320 -4.638719 -2.950816 5.638112 -0.247781 -4.450606 -1.336809 -7.746854 -1.379634
-7.501564 1.210932 -7.863040 5.887547 -7.992511 9.870761 -2.117846 5.369962 -7.041388 -4.600820 -5.988449 -7.859616 3.428110 -3.758792 5.984284 -2.136926 4.686830 -8.449217 -5.996165 2.451027 -5.582409 -3.543928 -2.794796 7.870020 -8.577159 3.683523 8.976259 3.983262 6.683677 -7.439638 1.998613 -9.306646 3.202270 0.552295 2.418537 8.346607 1.425646 0.826519 -8.687704 5.758089 -3.795168 -5.380690 6.742971 9.114030 -0.500555 7.175456 -2.106545 -4.704404 -6.921402 -8.004985
0.222990 7.797560 -6.413592 6.760732 7.614414 -4.537926 -8.930216 9.866060 -1.128643 -9.108725 9.652605 -8.661648 3.676946 -1.566824 6.386901 4.646653 -3.708983 3.119819 -5.196386 4.343225 -3.409229 1.092082 -5.380535 9.342265 -4.555772 -8.860947 -5.942729 0.548344 -3.979441 -2.463465 -3.455218 8.145297 -1.997840 2.296384 -4.673777 7.825165 -2.448578 6.748015 -6.105729 1.004796 7.612879 9.658534 -9.017724 -0.881217 9.386405 -2.690473 1.215282 5.238693 6.705431 -1.816867
3.908984 -1.702831 0.512309 -9.626313 -9.444795 1.332484 -4.946655 1.572779 -6.300474 7.941726 -3.412871 -0.118735 4.424618 4.556845 6.897441 5.298528 -7.634920 -0.099531 7.183460 -7.583154 9.936339 0.047041 -9.385421 -0.772095 3.392576 -0.968682 -0.630672 0.300209 5.610095 8.858677 7.789023 -9.896298 -7.078366 -6.102665 -7.482511 1.442170 -1.447098 -1.368411 1.109396 5.613265 2.150773 8.049826 -6.575875 -0.735060 5.847046 -8.695047 2.347359 -7.930526 -8.352148 5.445726
6.309517 4.053096 0.381109 5.296339 -4.423551 -6.626477 8.805950 1.606727 4.260159 0.495787 -7.308399 7.739793 2.707301 1.604659 9.503879 -8.298334 9.904159 -0.804068 6.027332 1.374911 8.126840 7.803231 8.909551 2.820490 3.981366 -5.180133 -2.498017 -4.173852 -9.934751 6.637904 3.258630 7.790758 -0.729768 -5.203293 8.251560 3.964128 5.105834 -6.247409 -0.197165 6.249749 -0.471103 2.166076 5.242007 2.417910 -2.179703 5.731349 6.780274 -3.942138 4.479115 0.478405
0.551394 7.276077 9.034108 -3.751737 4.551274 -6.738649 3.524382 -5.718619 7.165113 4.056958 5.298964 -0.320082 0.378779 6.141797 5.176147 -4.492886 8.060950 0.394678 -6.653122 0.985328 0.399581 -4.248967 7.618198 -0.938815 1.336061 -4.828399 9.092401 -4.018032 8.930096 8.121311 -5.128956 -2.355930 3.879469 2.238875 8.778698 3.573318 -3.237491 7.489622 -1.916137 -4.514067 -7.917855 4.608368 -7.154714 -9.286150 7.678817 -2.117874 4.890206 9.692199 -3.207071 -1.241536
-6.491270 1.229988 -7.593766 -8.422860 -3.006604 8.012309 2.873433 -6.219773 4.275311 -4.852784 -0.742156 6.583353 6.412776 -0.475974 0.304132 -8.452901 -7.906972 7.516409 8.292155 6.241486 0.662966 2.468204 3.104491 -2.813852 7.586032 -1.557794 -1.840390 8.572463 -2.610422 6.630142 -7.200215 5.984909 8.369818 -8.463344 -3.416277 2.632939 -8.188092 2.746053 -7.087552 -0.489694 9.708927 -2.058217 7.552512 -4.932567 -1.658889 -0.949382 3.736176 -6.085838 -4.681510 -2.136705
8.395120 -3.214439 -5.082403 0.056535 -9.809978 3.697738 7.885259 7.550166 -4.354146 -0.128522 -0.069385 -6.151325 -5.316028 -6.482228 -6.809470 -6.761040 7.203434 8.106885 -7.577823 -0.464412 -5.369937 7.473090 0.225214 5.178021 7.000893 4.012706 1.547510 8.996746 8.314708 5.302916 6.109357 -0.029240 8.556056 1.630900 -9.458455 -8.261415 -9.607355 9.177185 0.948428 0.231037 3.034560 1.842674 9.822452 5.953007 -7.816305 -8.636590 4.839077 -9.635163 1.823353 5.098878
-3.153330 1.984714 -2.914220 0.702298 3.523266 -4.466217 -3.714117 -3.156041 -3.573051 7.728731 -3.214519 -6.413668 5.478772 1.724717 7.310298 4.178175 2.592572 -6.643364 4.983139 -8.388018 2.587076 0.980591 0.792883 5.985156 -7.477041 -6.620688 6.103999 9.911946 -9.925886 -4.372130 -2.391512 5.860959 5.139649 2.073943 -3.235047 8.559434 -1.588321 5.086790 -6.312571 4.618757 7.450645 2.982790 -8.255650 7.287322 -1.975197 2.864077 -3.464680 9.128030 -5.192624 7.575280
-2.265216 8.508012 -5.850678 7.649523 5.535880 1.529511 6.496148 0.757804 -3.583692 8.881324 8.404613 -3.675937 -1.470929 -1.907903 -6.119753 5.312904 -6.030831 -0.179902 -3.605612 0.487392 -8.405784 3.987766 2.380321 6.047282 -3.325116 -5.230682 7.922521 -6.197540 -2.053437 7.888157 -3.737103 -9.483941 3.405778 0.908730 -6.967569 -3.927668 7.677122 9.383968 -3.657760 4.032490 -5.932444 -6.583125 -2.576446 -2.331034 2.312702 9.574567 -0.248593 1.897545 -7.962179 -0.334572
-3.150753 5.295528 1.943853 -9.668888 -4.992675 8.114932 7.664656 -0.131694 6.615509 6.866775 9.883902 -1.256922 -5.094859 -9.288512 7.987073 -1.271954 2.274481 7.202144 6.437704 -1.513366 4.855814 -8.336198 -6.487822 -0.832340 -9.132677 7.104711 8.882010 -0.061197 -8.545283 -0.571291 -1.689479 4.924056 -1.396654 6.442761 3.485230 -3.734546 -6.510286 1.615937 -0.939735 5.868807 -2.959107 6.294147 5.726247 1.038798 -0.918629 0.596020 -2.695877 -9.607386 8.668628 -6.377045
0.997201 -0.051013 2.627587 1.854525 8.993845 -0.445607 -9.317041 8.494699 -9.600158 -9.852504 8.970688 -9.649072 8.047669 -2.832783 9.415321 3.295126 1.184797 -7.122710 8.605339 9.936100 -3.973522 -2.977946 9.661787 5.646805 5.846115 -4.343872 -7.460033 -0.772255 0.709071 -2.645480 -2.583546 -1.657025 -9.620269 -7.867131 -2.868985 0.969582 -4.230000 6.397175 -2.674840 3.956515 -2.844973 4.546331 -9.816028 2.010975 -1.550039 8.495738 7.865794 0.398540 -1.743876 -9.322661
-5.963943 4.004162 -2.055566 -7.893533 -6.612226 8.319303 2.521632 1.065316 4.770090 -9.090324 -1.076517 6.974267 -3.496427 -4.455669 -6.420556 9.712370 -4.191451 -5.718759 4.810785 -5.140471 4.105941 8.547233 -6.661579 -1.160635 -6.785302 -0.577015 2.116147 6.077721 8.251928 -9.847718 9.404163 -4.231255 5.289144 -5.350974 6.178343 -0.596775 9.996341 8.500077 0.799259 -6.846021 -1.082660 3.737726 -0.044534 -8.475998 3.900260 -8.328920 -4.164019 -4.664998 -4.628365 -8.928365
0.972591 6.333355 4.692765 -8.706054 -2.655175 -5.520258 1.023890 8.513272 2.555363 7.981365 2.806969 -3.272292 2.588577 6.209831 8.637497 -9.586109 6.261231 -7.498821 7.316230 3.877667 -8.047295 9.107653 -7.678299 -9.172003 6.144974 -1.417022 4.111891 8.555396 -9.451082 -4.335710 9.714463 -9.021156 1.424354 -0.880229 5.995369 4.172768 -8.282062 3.375658 -5.318677 8.989174 1.052622 -8.577988 9.758847 -3.056405 -9.005987 -3.631041 -6.908442 9.814298 8.912185 7.098018
-3.612970 -3.181921 1.450337 -4.183538 7.282716 0.613245 6.817018 -6.379149 5.635160 -9.869936 -4.011793 -6.209548 -3.870299 -8.116377 8.052625 0.467178 -8.136578 8.541909 3.863924 0.968686 0.705022 9.308779 -7.359534 8.317576 -6.500267 -9.991432 -5.997780 -4.682525 0.798366 -1.859659 4.716834 -4.176054 -6.938608 2.821785 5.734759 4.102011 2.495024 -6.132171 -3.398364 3.696303 3.769398 -7.728706 3.630255 -6.299026 -7.724057 1.770291 -6.714647 6.933802 -3.582559 7.937124
-0.758061 -0.725350 9.043281 -9.582907 0.086302 -9.514645 7.359094 4.294958 5.351283 -0.984294 -3.034746 -4.968213 -0.753525 -4.494479 1.299620 2.712657 -8.379729 1.897231 6.763318 -8.911513 4.198407 2.625620 8.791871 4.977079 9.758674 -5.972354 2.644906 -7.061985 9.225406 -8.603017 9.098543 -0.785091 4.970819 4.563192 -6.428832 -9.387569 3.130811 -0.455409 5.940078 -5.115134 9.937127 -6.707455 7.797988 0.787294 -7.951154 4.959260 -9.724546 -0.450417 9.834217 3.681843
0.739971 -3.310312 3.578049 -3.731597 3.048788 0.982552 -6.245893 5.272189 9.673703 5.928916 7.290395 9.662718 1.297978 -4.885156 -4.820547 1.073788 7.149122 -4.710110 -2.821974 -8.922753 -4.704633 9.233033 -0.412567 5.991877 5.468738 -6.923367 -1.025063 -8.228209 8.494793 -8.012187 -0.835289 1.290561 -9.537305 6.520140 3.986123 -5.232049 4.946179 -9.574459 2.065876 1.176862 -0.482008 -1.104795 -8.296720 -2.972463 1.816032 2.056144 -2.381890 7.575505 1.517737 8.613288
3.537858 0.777290 3.907755 -2.358185 5.981841 -3.192650 1.127033 2.039505 -2.031212 1.421666 -6.061232 8.867442 -4.903838 1.198354 0.735456 0.815385 4.183337 9.351319 7.614830 2.446012 -9.869588 1.831374 -0.096920 -8.936748 0.072117 -7.927923 -4.604309 -4.626112 8.939523 6.560521 2.684795 3.356076 5.572164 -8.632126 -0.144704 7.956457 4.172912 -5.867628 2.783300 -1.076780 2.554873 -0.254636 0.330994 3.022949 6.708748 -6.064787 9.127357 3.482464 9.765081 1.721461
-7.405884 9.301442 9.327723 -8.964675 -9.293092 -8.989026 1.443520 1.240138 3.002614 4.929481 9.788688 -1.526071 -8.681662 7.298500 5.883492 3.854213 -2.234436 5.839629 6.637152 -9.387531 3.771165 1.966417 9.567540 1.638660 0.952492 8.533170 -3.011513 5.498428 -7.919228 1.532005 8.415434 -1.802855 -0.581164 -7.628073 -5.029050 -3.240494 -2.979346 6.133999 -5.882667 -9.985574 -7.543463 -2.984486 -0.257378 -5.757085 0.665376 2.975300 5.865340 -1.235661 -7.753169 -7.511775
9.599472 -1.666503 -8.918033 -5.376241 1.515164 5.357415 2.075058 -4.502163 -7.852378 5.086672 -8.303443 4.036209 -3.431215 -8.437769 6.414497 8.449504 -9.184670 -6.742600 -2.884396 1.949161 -0.451095 -1.561446 -3.229960 -5.945464 -5.421401 2.514343 -1.444442 3.264903 -6.777091 -2.570576 -3.665875 7.638753 4.526203 -8.111466 -9.404537 -2.050345 -0.148664 1.407274 -7.947227 -9.043316 8.981529 -7.449943 8.801688 9.964769 -2.129480 9.824839 6.075984 -0.930099 7.832388 -1.048599
-3.805156 6.746350 5.910148 -8.141244 -9.889268 -8.926174 -2.207159 4.272965 -4.284224 -4.949402 -4.599356 -1.373891 9.007117 2.614839 7.598118 1.567324 2.020811 3.768394 -4.605489 -4.456097 6.384193 -0.868537 2.499536 9.695955 -0.076602 -7.458013 -6.832422 7.481133 -4.605249 -0.421447 -3.255263 8.787161 5.815545 1.862186 -2.236867 4.982537 1.506418 -1.635731 8.276466 2.569541 6.272865 8.042389 8.429964 2.404284 8.806802 -4.086983 -9.924627 -3.199453 6.786752 4.939093
-8.658459 -2.718686 7.051726 -1.640321 -8.869777 5.653500 -1.621182 -7.211010 4.562000 -6.466373 -0.325040 -2.951392 -4.042167 3.292821 2.438477 3.488018 3.112535 -7.618019 3.953532 7.019932 3.998509 2.938416 5.957884 -5.851522 -6.535145 3.817893 7.331459 -0.175953 2.761374 -9.592177 4.278004 0.414466 5.932197 2.430610 -8.743187 -6.740816 7.100303 -5.215393 4.883511 -2.830016 -4.079297 -0.752437 -6.205975 -3.827803 6.117456 -3.924453 1.722271 6.210746 4.006765 1.691491
8.880851 0.457248 4.961715 -8.451405 -2.770866 -9.938655 1.017555 2.043188 -0.145293 -1.933882 -2.760720 0.574608 -2.561414 -9.690043 -0.548074 8.522961 5.410994 2.568965 -3.397710 -5.310152 -7.730353 -4.044726 0.297566 1.184022 -0.134206 4.401795 0.975844 1.009153 0.834512 5.635332 -6.968544 -0.322973 -8.204504 6.906608 -0.646124 0.602180 0.847301 0.591260 -2.694519 -6.785693 -7.141147 -1.257525 4.781889 9.213281 7.614920 3.955406 -1.491767 7.873813 -4.832477 0.552659
8.540792 5.096760 1.244986 4.478718 -6.188566 8.771186 -2.673688 3.332727 -6.850599 1.978809 -2.165418 5.826670 8.845105 -0.325223 -6.022772 -4.731746 -6.459821 9.780705 4.313368 -5.230547 -9.807206 -9.715955 3.938426 -6.881574 1.383126 6.196829 -9.891951 5.985800 3.333836 -8.212414 -6.040240 1.685177 2.769841 -7.289688 2.218650 8.848958 4.436887 -9.241178 3.524673 -0.829173 4.082878 0.925946 2.382381 0.683819 -7.059154 -3.204670 -0.880636 -0.856304 8.100761 9.482569
-6.468836 -1.724342 -1.020088 -4.627089 -7.483017 -7.072607 -9.299086 -9.734747 8.111868 -3.830350 3.314416 5.389169 -4.233239 -8.052754 -2.636022 -3.615273 -1.888796 -4.988483 -1.425518 1.325263 -6.312824 0.369195 5.062439 4.404944 -6.104282 5.332752 7.565811 -1.421636 6.571355 4.765589 -4.741262 -6.382755 5.033078 -9.055621 2.184747 -0.949073 8.924903 0.836945 6.534999 -6.272243 2.418180 2.346912 4.557255 -6.213475 -9.878837 6.393889 2.092593 -9.783480 9.051020 0.489315
3.925417 -5.517147 -6.697372 -2.738734 -9.901332 8.305590 -7.945220 4.679726 -7.843141 0.322863 6.355133 -9.285946 -8.891511 0.371646 6.254498 -0.646989 6.051708 -8.946903 9.400448 -6.673786 -6.322800 -7.302001 -4.726206 6.654876 8.507406 3.970502 -7.766980 0.365939 -9.659066 0.082514 6.819250 -8.870649 -8.992141 9.085110 -6.562540 3.397129 -4.453087 -3.029600 1.517394 2.835863 2.342651 -7.071555 8.380369 8.867157 -9.689506 8.471660 3.193041 5.432717 7.673005 0.188063
0.772907 -9.751058 -6.035829 -4.180636 -3.947264 -1.659940 1.382276 -8.082068 4.675094 -5.700332 -5.485853 -0.726383 -8.317328 -9.335322 1.248503 3.589720 -7.582278 4.648661 -9.957296 7.723454 8.091900 0.556153 7.268145 -4.279327 -2.650433 -5.834358 1.952183 -9.665629 9.776570 -5.182130 3.933589 -8.162489 -6.946391 -7.988934 9.989956 1.186311 -1.674958 8.984998 -9.134570 -4.723567 -8.994811 4.214500 -6.901789 1.627601 -4.908438 3.878835 -8.427214 3.819505 -5.583982 -9.983282
-9.012212 -8.253632 1.201172 8.091408 -7.705362 -4.021018 -1.257436 6.270308 5.069830 8.635095 -9.962505 0.181444 9.531868 2.112634 7.044513 -2.868746 4.991710 -4.329917 7.084358 6.800958 3.695166 4.660065 1.715496 -7.660735 6.019862 -4.176957 -2.116599 6.327727 -9.890786 5.555166 5.680821 -2.440585 1.095627 -5.803708 -2.922297 4.950480 2.711296 8.753968 7.941613 -5.306539 -7.001954 -1.839140 9.570925 -1.463323 5.933804 9.449741 1.793576 4.625104 -5.876256 -2.226331
2.061655 -9.760566 -5.839959 7.815361 -7.227461 8.064357 -2.352927 -5.640762 -4.289113 -7.117357 -1.421781 4.133128 5.483071 -6.023338 5.755145 6.727935 -3.600529 5.905012 5.537034 0.922628 6.612144 -9.702222 -5.248797 3.474252 -8.248401 9.119473 -9.011707 0.242048 8.100957 -7.219243 6.185843 5.470537 3.318507 -5.857899 6.297285 -1.530441 -2.130103 -0.643399 6.392076 -8.384854 -4.238067 -9.194672 5.145579 1.749486 3.619454 -7.841835 2.280837 -5.964941 7.230217 -1.735381
-6.556381 6.906028 9.610047 -3.944058 -7.778832 1.177015 2.094903 9.027329 2.311666 -7.830026 0.756623 -3.442165 7.528445 -9.427819 6.652323 5.596206 -4.568108 3.811957 7.557616 0.854927 8.759796 5.893007 3.773234 -3.255703 1.405956 9.896791 -4.629282 -4.349286 1.545589 -3.281392 9.645825 -2.615307 4.543268 -1.291155 -0.436933 -3.538861 2.367059 3.157921 -4.824226 -0.770965 2.393436 6.473372 -2.029447 -8.909507 -2.090916 -2.028755 2.708268 -2.136685 8.735724 1.310101
-1.138781 0.510277 -3.779806 -7.198473 -4.733043 -8.257356 -1.374564 -2.293691 9.941027 -1.150812 -1.704165 -1.903978 -0.159113 5.791374 -4.375371 3.131949 -1.328702 8.509765 3.619672 -4.178468 -7.511288 -2.225728 -7.816032 -4.046894 3.859556 7.549986 -7.393282 1.117586 3.271900 -9.170553 -9.489660 7.286537 4.825162 -3.507894 2.823119 8.161534 -9.104553 -0.230013 -5.833139 2.431130 0.003094 -8.001055 6.272068 -5.346964 -6.417991 -7.180927 -9.838893 -2.276748 -5.300597 -7.128873
5.029134 4.647988 -1.264834 1.927145 9.522392 2.845550 5.163532 3.488266 7.288060 -9.577289 -5.494970 6.038316 5.975013 2.043506 5.201526 2.052221 -8.316703 1.171736 -6.640159 -1.153127 -0.607168 -4.679769 7.129533 6.061614 -2.448410 9.566917 -8.825196 -5.070255 4.217395 1.762105 -4.297992 3.648651 2.880127 6.288981 -1.097458 -4.983037 -9.905677 -4.718505 -3.908246 -5.891121 7.927944 4.958844 3.287915 -0.018427 -9.709545 -8.328941 -4.504936 5.548950 1.203800 -7.728111
-6.368271 8.471198 -4.570718 -0.053121 7.193387 -0.742805 -4.326606 2.736104 5.704886 2.020231 -5.981854 2.987286 7.321406 -9.123160 7.051750 -1.233976 0.572183 -3.318171 -8.506333 -5.936043 -7.077046 -3.909899 6.331060 6.117999 5.212990 -5.279316 -9.463485 7.208788 -1.903486 8.110072 5.987570 -6.904047 3.688337 9.879003 -3.593145 -9.979728 -9.295919 3.485190 -4.405735 -7.190998 0.903506 5.224951 -4.249473 -0.898926 -8.252140 6.288129 4.579034 -0.181385 -8.542146 -7.843946
6.804532 3.764429 8.753133 -6.091380 2.177809 2.431138 0.128316 -3.396445 -4.042777 -6.944853 -2.142193 -3.833946 2.874966 -0.441278 3.441897 7.957462 1.062373 -4.690059 -5.819297 -4.919087 4.908553 -1.951356 3.553678 6.659245 1.938472 -0.101489 -5.719379 -5.598286 9.601299 9.027421 3.871774 -7.087337 3.121549 3.875132 9.349551 -2.103616 4.526119 -9.511134 6.377432 5.493834 -5.138257 1.314535 -6.608110 -2.502480 0.815564 7.180837 8.324178 4.453231 5.446539 -0.017659
3.199738 -2.008910 -3.750188 -9.404447 -0.548778 -3.308631 -8.155610 8.667084 7.678854 -1.508983 -1.469876 -4.213734 -0.226807 8.049535 8.533427 1.301129 8.081206 0.837514 -3.899299 4.473937 -6.532821 2.884155 -6.014490 -5.537578 9.932885 2.005434 5.331663 9.261655 0.630211 -8.044088 3.010049 9.899224 -3.748556 -1.974432 -4.278138 -2.663295 -2.000242 1.936111 0.214280 1.402818 -2.832902 7.415370 -9.871256 -6.199237 9.422578 5.265491 -2.894375 -5.754749 -0.067695 2.258239
-5.775824 5.725233 3.996410 7.655422 4.670621 -0.877148 -2.232885 -8.097153 -8.851529 -7.655663 -8.732506 -7.234898 3.070666 8.678685 2.655313 7.837959 -7.423309 -3.553157 2.094705 5.708322 -0.233530 -4.935062 -3.591323 0.627793 -8.683293 -0.108663 -6.296806 9.576419 -9.131418 8.250935 -6.537450 5.070948 7.419164 -6.117182 8.515244 -4.286502 -3.240853 -9.012381 8.914631 8.198666 -5.026269 3.503905 -9.862859 -5.070233 4.587269 -1.762027 5.609535 -0.546114 1.459767 -5.699873
2.231104 -1.836518 -6.357537 8.867757 0.399936 1.726623 -0.649798 -1.163213 9.884787 -6.387290 8.810346 -4.512660 -4.281281 4.513095 -8.409047 9.150275 8.667871 0.899939 5.276528 2.600908 -6.545876 3.467353 -4.197001 1.003598 7.467335 3.499586 -2.453373 6.160204 -5.448728 3.226367 5.550469 6.725590 -3.000977 2.587407 6.551401 9.390483 5.853495 -0.313137 -2.901098 1.252827 -3.730233 5.979581 -1.190456 -7.988181 2.639716 5.713287 3.207306 5.193226 2.551259 -0.990705
9.218377 -6.743626 -0.121036 5.755310 9.499409 -3.438992 0.861708 2.721750 4.456741 4.439206 9.737272 -5.675259 -4.082513 5.199909 -5.124846 6.713970 1.690413 -9.223263 4.614959 3.618307 -7.109573 9.400208 9.292347 -3.529565 -1.397166 -2.177202 7.765369 -7.436411 -3.765587 -8.219348 -2.587557 -9.071492 -4.558265 9.232758 -5.029342 -8.149349 -6.110825 -4.636188 -0.418412 7.747776 -3.124312 9.691332 2.214908 5.951246 2.587184 2.802257 -2.471549 0.679950 7.927666 0.281492
-8.955791 0.016816 2.625612 8.659292 -3.273053 9.804516 4.494411 -2.432096 3.769399 -7.710393 -8.571320 1.817428 5.517251 8.445627 5.649849 -2.981796 4.960879 -2.509286 6.423316 -3.330489 4.477591 -5.123997 0.985041 -4.414419 6.857547 -5.215484 3.365039 -3.791672 -6.623910 -8.051033 6.294622 -6.289134 -1.478982 2.743180 4.633611 -2.904925 -3.066310 4.526982 4.984398 -7.223637 -7.664716 -0.882916 0.825636 -3.540744 -9.287005 -6.687736 -0.774057 -9.575535 3.991033 -2.714099
4.138489 -4.411470 -3.576179 -4.834104 -6.784223 -2.430169 -3.845241 -6.973812 -8.860184 6.890325 5.690318 -2.820531 -4.669147 5.639311 -0.097697 -1.999741 -9.650073 -8.771199 2.460497 -6.422076 4.161623 4.391598 9.585870 9.725094 9.659550 8.050335 1.988677 3.697261 -0.136769 1.317320 0.190604 3.486256 -6.487732 0.682689 -6.047648 -2.817018 -5.625452 -6.979379 -2.425994 6.325516 -7.057588 3.122298 -3.545857 4.774922 -7.893465 -5.462845 5.958869 -9.280751 -1.576309 6.966577
7.255780 7.895820 5.046586 -2.026266 4.543029 -5.305456 -8.799228 -8.620721 -8.458607 -3.813493 6.629922 9.104486 -0.897140 1.760891 -4.709633 5.204906 -1.136477 -0.774083 9.981336 -3.678532 -5.087442 -4.631980 -9.692452 -1.045309 -8.500274 -4.104492 -4.192667 -6.157010 -0.861440 1.784830 -2.367572 8.217420 -9.818307 3.705906 5.161185 4.030999 9.006113 5.742439 -6.827073 -2.610477 5.720405 2.847291 -5.577743 -5.121516 2.672980 4.767904 -5.833249 0.577220 1.331839 4.210224
1.228818 -7.250162 6.529951 8.890384 0.686975 5.990638 4.646213 8.899011 5.678918 5.576801 9.293624 -2.064965 -5.859405 0.979450 1.617183 -0.011085 -6.301163 -3.654918 -8.215074 9.251156 4.178142 2.030482 6.312692 -2.591101 -8.640492 -0.755915 -4.668171 2.048547 9.921191 5.455092 3.735526 2.984794 5.428104 -9.857044 -7.341108 -2.006141 2.793074 3.190884 9.190210 -0.147085 7.949936 -5.431007 1.070589 -6.615061 0.669706 -4.255432 -1.042017 6.825896 2.827450 0.950994
3.355584 -2.706725 8.064820 5.433371 -1.326094 -7.666167 -5.274109 -1.952624 2.248422 9.230851 2.906180 4.163384 -6.003752 -5.053676 2.865255 -3.659426 -3.976050 -5.476383 -1.573877 7.850434 2.245750 4.314222 9.124736 -0.565438 -3.321879 9.183402 5.440632 0.701873 -3.627218 -2.650976 5.039313 -4.262571 -1.031840 -2.142266 -5.057677 -4.373588 -6.889456 8.907269 4.472220 4.603999 -0.586250 6.893574 0.294897 -3.672656 -6.336193 7.609741 -3.082273 -3.756730 0.637256 -9.641609
-6.515981 5.912903 -1.843731 -7.580484 -5.194304 -0.659756 -8.512745 6.299235 -8.758616 -6.057544 -9.141452 -0.391513 -0.165604 -3.299604 3.549480 -3.893595 0.347430 -0.735800 -6.582637 5.620580 5.086756 -6.897044 1.376739 -1.154817 -9.009062 4.687060 -4.584713 4.732864 5.247021 6.679732 6.262562 -5.127771 -2.439386 1.242736 6.662797 1.634417 9.639085 4.099877 6.628965 -6.984650 8.979506 -1.436265 0.695164 3.628924 -8.673363 6.785688 7.050987 5.942205 -9.355201 7.137199
-5.093495 -6.365232 -0.462212 -8.395351 -0.662118 -8.214820 -6.484725 -8.773366 6.034227 -2.749431 -9.689470 9.082587 -8.967217 7.984167 9.902303 7.998615 -7.273008 2.551683 6.143970 1.696804 -1.819806 -5.487772 7.024280 -2.927151 3.374041 7.514899 2.911239 9.194538 -7.396913 0.090376 -1.046436 -7.455114 1.895649 0.165402 -0.084518 -0.489073 0.152278 -0.664474 -7.817657 8.630469 -7.712631 -6.190330 -0.868839 -2.584943 -5.143490 -6.630220 5.897281 -4.395879 -1.543857 -7.610619
8.326593 5.041721 -3.799616 -0.144117 -2.178091 -7.183622 4.865212 9.620595 -6.663333 9.367607 1.365887 -3.538804 3.314363 4.491798 -6.356028 -5.758997 8.539852 9.293286 -7.749100 0.875822 -0.053954 -6.800631 1.799728 8.020990 8.781217 5.918359 9.857525 -4.578322 -7.858357 4.589986 3.897324 2.327074 -8.872215 4.675413 -0.326121 -1.117491 -1.663738 -2.444739 -8.728735 -3.857429 8.186782 -4.758499 3.904621 4.960488 -9.069975 0.926271 7.840022 7.245002 6.756225 -8.121674
-0.975299 8.142690 -5.806568 9.004230 -5.913190 -2.980287 -9.681372 5.185809 -2.108559 1.442949 -8.362504 -8.601926 7.423361 4.422823 -5.615687 -2.844920 5.436189 6.030483 -5.663892 6.969961 4.130632 3.525279 9.371403 5.174432 6.678683 8.618325 8.190372 -4.414062 -7.133680 4.236741 6.907207 9.433614 -9.249714 0.053863 5.269167 -1.114111 -4.870437 2.560968 2.188624 4.208894 -1.112179 7.610560 -9.310680 -4.603202 -6.013597 9.476529 -7.974341 -4.744467 -0.255255 9.929906
-8.066737 2.347658 -2.917110 -7.875819 -8.896983 8.411025 4.090037 1.256687 1.136594 2.736780 -2.934826 -5.618768 5.367525 -8.000222 0.277200 -1.105837 -5.806030 -1.942853 6.477111 0.808003 0.099227 7.704668 -7.638550 -1.108584 8.032792 7.136633 5.389953 8.945897 -6.309788 -8.609765 -4.312122 6.172972 9.143743 -1.114489 8.776586 8.076821 7.124386 -0.449193 -9.589476 9.680650 2.692554 -6.248473 1.921929 1.865178 8.049278 4.209671 -8.065308 6.364907 -5.014368 3.512720
