0.764325 6.015844 8.281946 -5.336007 -2.266497 6.989722 -3.737666 1.040361 5.344161 -0.679064
6.971706 -6.532693 5.031867 -9.414668 7.674939 -7.297912 3.990725 -7.888425 -0.754764 -5.314186
4.475602 1.434553 -9.460672 -5.507733 -8.464152 3.000433 8.278594 -1.673187 -1.249911 -7.249460
-1.674302 0.013918 -6.083519 -5.703530 0.771096 -0.194539 -9.616416 -3.099229 -8.749427 8.373940
0.801746 -5.052897 -4.032464 6.382460 -9.994057 9.882472 -5.286380 -8.196550 0.578647 5.314025
-7.176325 7.505514 5.176089 -5.479791 1.145866 -1.436451 -2.434757 -0.963310 9.646185 3.424929
2.777401 -0.215591 -3.438117 -4.440371 -9.312117 -8.748177 9.386958 6.609132 -0.323335 5.706738
-6.861812 -6.474685 -0.027453 -1.408061 -5.276520 -2.465042 -9.958122 -6.158960 6.363291 7.835644
-6.335860 -6.805049 7.544858 6.425401 -8.282598 -5.630302 -8.482249 -1.167182 3.172815 5.506577
9.043956 1.762824 7.787018 -3.591165 3.282341 6.303689 6.104519 -1.345061 -6.431996 -2.554600
